5.369155e-30 1.292443e-29 5.448331e-29 2.298045e-28 9.302107e-28 3.603499e-27 1.335081e-26 4.728335e-26 1.599969e-25 5.170207e-25 1.594754e-24 4.693232e-24 1.317204e-23 3.524160e-23 8.984763e-23 2.181939e-22 5.045565e-22 1.110619e-21 2.326349e-21 4.635725e-21 8.785809e-21 1.583312e-20 2.712574e-20 4.417205e-20 6.835875e-20 1.005219e-19 1.404417e-19 1.864046e-19 2.350211e-19 2.814612e-19 3.201625e-19 3.458975e-19 3.549284e-19 3.458975e-19 3.201625e-19 2.814612e-19 2.350211e-19 1.864046e-19 1.404417e-19 1.005219e-19 6.835875e-20 4.417205e-20 2.712574e-20 1.583312e-20 8.785809e-21 4.635725e-21 2.326349e-21 1.110619e-21 5.045565e-22 2.181939e-22 8.984763e-23 3.524160e-23 1.317204e-23 4.693232e-24 1.594754e-24 5.170207e-25 1.599969e-25 4.728335e-26 1.335081e-26 3.603499e-27 9.302107e-28 2.298045e-28 5.448331e-29 1.292443e-29
1.292443e-29 3.108949e-29 1.309467e-28 5.518677e-28 2.232014e-27 8.639141e-27 3.197979e-26 1.131592e-25 3.825598e-25 1.235080e-24 3.806048e-24 1.119029e-23 3.137675e-23 8.386752e-23 2.136131e-22 5.182611e-22 1.197304e-21 2.633017e-21 5.510187e-21 1.097040e-20 2.077368e-20 3.740600e-20 6.403517e-20 1.042001e-19 1.611474e-19 2.368239e-19 3.306938e-19 4.387162e-19 5.529233e-19 6.619778e-19 7.528337e-19 8.132386e-19 8.344337e-19 8.132386e-19 7.528337e-19 6.619778e-19 5.529233e-19 4.387162e-19 3.306938e-19 2.368239e-19 1.611474e-19 1.042001e-19 6.403517e-20 3.740600e-20 2.077368e-20 1.097040e-20 5.510187e-21 2.633017e-21 1.197304e-21 5.182611e-22 2.136131e-22 8.386752e-23 3.137675e-23 1.119029e-23 3.806048e-24 1.235080e-24 3.825598e-25 1.131592e-25 3.197979e-26 8.639141e-27 2.232014e-27 5.518677e-28 1.309467e-28 3.108949e-29
5.448331e-29 1.309467e-28 5.509613e-28 2.319677e-27 9.372328e-27 3.623830e-26 1.340012e-25 4.736400e-25 1.599460e-24 5.157935e-24 1.587649e-23 4.662453e-23 1.305778e-22 3.486107e-22 8.868691e-22 2.149149e-21 4.959209e-21 1.089329e-20 2.277081e-20 4.528504e-20 8.566079e-20 1.540870e-19 2.635257e-19 4.284293e-19 6.620196e-19 9.721729e-19 1.356598e-18 1.798687e-18 2.265823e-18 2.711678e-18 3.083001e-18 3.329814e-18 3.416407e-18 3.329814e-18 3.083001e-18 2.711678e-18 2.265823e-18 1.798687e-18 1.356598e-18 9.721729e-19 6.620196e-19 4.284293e-19 2.635257e-19 1.540870e-19 8.566079e-20 4.528504e-20 2.277081e-20 1.089329e-20 4.959209e-21 2.149149e-21 8.868691e-22 3.486107e-22 1.305778e-22 4.662453e-23 1.587649e-23 5.157935e-24 1.599460e-24 4.736400e-25 1.340012e-25 3.623830e-26 9.372328e-27 2.319677e-27 5.509613e-28 1.309467e-28
2.298045e-28 5.518677e-28 2.319677e-27 9.757052e-27 3.938362e-26 1.521255e-25 5.619504e-25 1.984187e-24 6.693338e-24 2.156115e-23 6.629327e-23 1.944653e-22 5.440074e-22 1.450711e-21 3.686409e-21 8.923091e-21 2.056694e-20 4.512645e-20 9.422688e-20 1.871920e-19 3.537258e-19 6.356553e-19 1.086105e-18 1.764197e-18 2.723875e-18 3.997059e-18 5.573968e-18 7.386245e-18 9.300146e-18 1.112604e-17 1.264619e-17 1.365638e-17 1.401075e-17 1.365638e-17 1.264619e-17 1.112604e-17 9.300146e-18 7.386245e-18 5.573968e-18 3.997059e-18 2.723875e-18 1.764197e-18 1.086105e-18 6.356553e-19 3.537258e-19 1.871920e-19 9.422688e-20 4.512645e-20 2.056694e-20 8.923091e-21 3.686409e-21 1.450711e-21 5.440074e-22 1.944653e-22 6.629327e-23 2.156115e-23 6.693338e-24 1.984187e-24 5.619504e-25 1.521255e-25 3.938362e-26 9.757052e-27 2.319677e-27 5.518677e-28
9.302107e-28 2.232014e-27 9.372328e-27 3.938362e-26 1.588113e-25 6.128088e-25 2.261346e-24 7.976028e-24 2.687646e-23 8.648026e-23 2.655964e-22 7.782082e-22 2.174474e-21 5.791919e-21 1.470062e-20 3.554178e-20 8.182548e-20 1.793292e-19 3.740289e-19 7.422334e-19 1.401065e-18 2.515192e-18 4.293406e-18 6.967617e-18 1.074883e-17 1.576105e-17 2.196424e-17 2.908855e-17 3.660808e-17 4.377852e-17 4.974618e-17 5.371094e-17 5.510163e-17 5.371094e-17 4.974618e-17 4.377852e-17 3.660808e-17 2.908855e-17 2.196424e-17 1.576105e-17 1.074883e-17 6.967617e-18 4.293406e-18 2.515192e-18 1.401065e-18 7.422334e-19 3.740289e-19 1.793292e-19 8.182548e-20 3.554178e-20 1.470062e-20 5.791919e-21 2.174474e-21 7.782082e-22 2.655964e-22 8.648026e-23 2.687646e-23 7.976028e-24 2.261346e-24 6.128088e-25 1.588113e-25 3.938362e-26 9.372328e-27 2.232014e-27
3.603499e-27 8.639141e-27 3.623830e-26 1.521255e-25 6.128088e-25 2.362185e-24 8.707417e-24 3.067827e-23 1.032589e-22 3.318743e-22 1.018056e-21 2.979410e-21 8.315111e-21 2.212136e-20 5.607879e-20 1.354179e-19 3.113887e-19 6.816299e-19 1.420022e-18 2.814722e-18 5.307310e-18 9.517614e-18 1.623018e-17 2.631463e-17 4.055990e-17 5.942620e-17 8.275687e-17 1.095333e-16 1.377784e-16 1.646992e-16 1.870961e-16 2.019724e-16 2.071898e-16 2.019724e-16 1.870961e-16 1.646992e-16 1.377784e-16 1.095333e-16 8.275687e-17 5.942620e-17 4.055990e-17 2.631463e-17 1.623018e-17 9.517614e-18 5.307310e-18 2.814722e-18 1.420022e-18 6.816299e-19 3.113887e-19 1.354179e-19 5.607879e-20 2.212136e-20 8.315111e-21 2.979410e-21 1.018056e-21 3.318743e-22 1.032589e-22 3.067827e-23 8.707417e-24 2.362185e-24 6.128088e-25 1.521255e-25 3.623830e-26 8.639141e-27
1.335081e-26 3.197979e-26 1.340012e-25 5.619504e-25 2.261346e-24 8.707417e-24 3.206162e-23 1.128329e-22 3.793406e-22 1.217762e-21 3.731106e-21 1.090601e-20 3.039950e-20 8.077346e-20 2.045087e-19 4.932255e-19 1.132743e-18 2.476523e-18 5.153035e-18 1.020212e-17 1.921466e-17 3.441991e-17 5.863441e-17 9.497345e-17 1.462546e-16 2.141086e-16 2.979497e-16 3.941037e-16 4.954692e-16 5.920337e-16 6.723401e-16 7.256669e-16 7.443671e-16 7.256669e-16 6.723401e-16 5.920337e-16 4.954692e-16 3.941037e-16 2.979497e-16 2.141086e-16 1.462546e-16 9.497345e-17 5.863441e-17 3.441991e-17 1.921466e-17 1.020212e-17 5.153035e-18 2.476523e-18 1.132743e-18 4.932255e-19 2.045087e-19 8.077346e-20 3.039950e-20 1.090601e-20 3.731106e-21 1.217762e-21 3.793406e-22 1.128329e-22 3.206162e-23 8.707417e-24 2.261346e-24 5.619504e-25 1.340012e-25 3.197979e-26
4.728335e-26 1.131592e-25 4.736400e-25 1.984187e-24 7.976028e-24 3.067827e-23 1.128329e-22 3.966265e-22 1.331862e-21 4.270363e-21 1.306780e-20 3.814914e-20 1.062019e-19 2.818231e-19 7.126212e-19 1.716451e-18 3.936939e-18 8.596402e-18 1.786462e-17 3.532563e-17 6.645348e-17 1.189052e-16 2.023367e-16 3.274041e-16 5.037143e-16 7.367813e-16 1.024514e-15 1.354255e-15 1.701643e-15 2.032406e-15 2.307370e-15 2.489908e-15 2.553911e-15 2.489908e-15 2.307370e-15 2.032406e-15 1.701643e-15 1.354255e-15 1.024514e-15 7.367813e-16 5.037143e-16 3.274041e-16 2.023367e-16 1.189052e-16 6.645348e-17 3.532563e-17 1.786462e-17 8.596402e-18 3.936939e-18 1.716451e-18 7.126212e-19 2.818231e-19 1.062019e-19 3.814914e-20 1.306780e-20 4.270363e-21 1.331862e-21 3.966265e-22 1.128329e-22 3.067827e-23 7.976028e-24 1.984187e-24 4.736400e-25 1.131592e-25
1.599969e-25 3.825598e-25 1.599460e-24 6.693338e-24 2.687646e-23 1.032589e-22 3.793406e-22 1.331862e-21 4.466915e-21 1.430449e-20 4.371784e-20 1.274618e-19 3.543719e-19 9.391380e-19 2.371560e-18 5.704646e-18 1.306713e-17 2.849494e-17 5.914027e-17 1.167968e-16 2.194456e-16 3.921924e-16 6.666339e-16 1.077559e-15 1.656225e-15 2.420415e-15 3.363006e-15 4.442363e-15 5.578730e-15 6.660121e-15 7.558715e-15 8.155092e-15 8.364168e-15 8.155092e-15 7.558715e-15 6.660121e-15 5.578730e-15 4.442363e-15 3.363006e-15 2.420415e-15 1.656225e-15 1.077559e-15 6.666339e-16 3.921924e-16 2.194456e-16 1.167968e-16 5.914027e-17 2.849494e-17 1.306713e-17 5.704646e-18 2.371560e-18 9.391380e-19 3.543719e-19 1.274618e-19 4.371784e-20 1.430449e-20 4.466915e-21 1.331862e-21 3.793406e-22 1.032589e-22 2.687646e-23 6.693338e-24 1.599460e-24 3.825598e-25
5.170207e-25 1.235080e-24 5.157935e-24 2.156115e-23 8.648026e-23 3.318743e-22 1.217762e-21 4.270363e-21 1.430449e-20 4.574924e-20 1.396386e-19 4.065856e-19 1.128881e-18 2.987647e-18 7.534266e-18 1.809844e-17 4.139999e-17 9.015723e-17 1.868692e-16 3.685697e-16 6.916189e-16 1.234559e-15 2.096035e-15 3.384396e-15 5.196646e-15 7.587465e-15 1.053370e-14 1.390468e-14 1.745126e-14 2.082435e-14 2.362606e-14 2.548496e-14 2.613655e-14 2.548496e-14 2.362606e-14 2.082435e-14 1.745126e-14 1.390468e-14 1.053370e-14 7.587465e-15 5.196646e-15 3.384396e-15 2.096035e-15 1.234559e-15 6.916189e-16 3.685697e-16 1.868692e-16 9.015723e-17 4.139999e-17 1.809844e-17 7.534266e-18 2.987647e-18 1.128881e-18 4.065856e-19 1.396386e-19 4.574924e-20 1.430449e-20 4.270363e-21 1.217762e-21 3.318743e-22 8.648026e-23 2.156115e-23 5.157935e-24 1.235080e-24
1.594754e-24 3.806048e-24 1.587649e-23 6.629327e-23 2.655964e-22 1.018056e-21 3.731106e-21 1.306780e-20 4.371784e-20 1.396386e-19 4.256475e-19 1.237682e-18 3.431699e-18 9.069574e-18 2.283973e-17 5.478755e-17 1.251506e-16 2.721637e-16 5.633429e-16 1.109617e-15 2.079484e-15 3.707300e-15 6.286771e-15 1.013968e-14 1.555308e-14 2.268717e-14 3.147021e-14 4.151102e-14 5.206730e-14 6.210135e-14 7.043198e-14 7.595759e-14 7.789416e-14 7.595759e-14 7.043198e-14 6.210135e-14 5.206730e-14 4.151102e-14 3.147021e-14 2.268717e-14 1.555308e-14 1.013968e-14 6.286771e-15 3.707300e-15 2.079484e-15 1.109617e-15 5.633429e-16 2.721637e-16 1.251506e-16 5.478755e-17 2.283973e-17 9.069574e-18 3.431699e-18 1.237682e-18 4.256475e-19 1.396386e-19 4.371784e-20 1.306780e-20 3.731106e-21 1.018056e-21 2.655964e-22 6.629327e-23 1.587649e-23 3.806048e-24
4.693232e-24 1.119029e-23 4.662453e-23 1.944653e-22 7.782082e-22 2.979410e-21 1.090601e-20 3.814914e-20 1.274618e-19 4.065856e-19 1.237682e-18 3.593930e-18 9.950874e-18 2.626172e-17 6.603989e-17 1.581882e-16 3.608304e-16 7.835789e-16 1.619631e-15 3.185810e-15 5.962426e-15 1.061616e-14 1.798069e-14 2.896702e-14 4.438467e-14 6.468079e-14 8.964350e-14 1.181563e-13 1.481107e-13 1.765661e-13 2.001799e-13 2.158379e-13 2.213247e-13 2.158379e-13 2.001799e-13 1.765661e-13 1.481107e-13 1.181563e-13 8.964350e-14 6.468079e-14 4.438467e-14 2.896702e-14 1.798069e-14 1.061616e-14 5.962426e-15 3.185810e-15 1.619631e-15 7.835789e-16 3.608304e-16 1.581882e-16 6.603989e-17 2.626172e-17 9.950874e-18 3.593930e-18 1.237682e-18 4.065856e-19 1.274618e-19 3.814914e-20 1.090601e-20 2.979410e-21 7.782082e-22 1.944653e-22 4.662453e-23 1.119029e-23
1.317204e-23 3.137675e-23 1.305778e-22 5.440074e-22 2.174474e-21 8.315111e-21 3.039950e-20 1.062019e-19 3.543719e-19 1.128881e-18 3.431699e-18 9.950874e-18 2.751277e-17 7.250527e-17 1.820625e-16 4.354650e-16 9.918537e-16 2.150784e-15 4.439233e-15 8.719702e-15 1.629716e-14 2.897914e-14 4.902083e-14 7.887990e-14 1.207316e-13 1.757644e-13 2.433821e-13 3.205473e-13 4.015525e-13 4.784564e-13 5.422453e-13 5.845293e-13 5.993440e-13 5.845293e-13 5.422453e-13 4.784564e-13 4.015525e-13 3.205473e-13 2.433821e-13 1.757644e-13 1.207316e-13 7.887990e-14 4.902083e-14 2.897914e-14 1.629716e-14 8.719702e-15 4.439233e-15 2.150784e-15 9.918537e-16 4.354650e-16 1.820625e-16 7.250527e-17 2.751277e-17 9.950874e-18 3.431699e-18 1.128881e-18 3.543719e-19 1.062019e-19 3.039950e-20 8.315111e-21 2.174474e-21 5.440074e-22 1.305778e-22 3.137675e-23
3.524160e-23 8.386752e-23 3.486107e-22 1.450711e-21 5.791919e-21 2.212136e-20 8.077346e-20 2.818231e-19 9.391380e-19 2.987647e-18 9.069574e-18 2.626172e-17 7.250527e-17 1.907961e-16 4.783863e-16 1.142527e-15 2.598460e-15 5.626314e-15 1.159582e-14 2.274438e-14 4.245025e-14 7.538269e-14 1.273537e-13 2.046797e-13 3.129281e-13 4.551058e-13 6.296162e-13 8.285853e-13 1.037293e-12 1.235309e-12 1.399476e-12 1.508262e-12 1.546370e-12 1.508262e-12 1.399476e-12 1.235309e-12 1.037293e-12 8.285853e-13 6.296162e-13 4.551058e-13 3.129281e-13 2.046797e-13 1.273537e-13 7.538269e-14 4.245025e-14 2.274438e-14 1.159582e-14 5.626314e-15 2.598460e-15 1.142527e-15 4.783863e-16 1.907961e-16 7.250527e-17 2.626172e-17 9.069574e-18 2.987647e-18 9.391380e-19 2.818231e-19 8.077346e-20 2.212136e-20 5.791919e-21 1.450711e-21 3.486107e-22 8.386752e-23
8.984763e-23 2.136131e-22 8.868691e-22 3.686409e-21 1.470062e-20 5.607879e-20 2.045087e-19 7.126212e-19 2.371560e-18 7.534266e-18 2.283973e-17 6.603989e-17 1.820625e-16 4.783863e-16 1.197677e-15 2.856112e-15 6.485925e-15 1.402266e-14 2.885797e-14 5.652078e-14 1.053418e-13 1.868103e-13 3.151932e-13 5.059511e-13 7.726538e-13 1.122542e-12 1.551546e-12 2.040223e-12 2.552411e-12 3.038043e-12 3.440465e-12 3.707043e-12 3.800411e-12 3.707043e-12 3.440465e-12 3.038043e-12 2.552411e-12 2.040223e-12 1.551546e-12 1.122542e-12 7.726538e-13 5.059511e-13 3.151932e-13 1.868103e-13 1.053418e-13 5.652078e-14 2.885797e-14 1.402266e-14 6.485925e-15 2.856112e-15 1.197677e-15 4.783863e-16 1.820625e-16 6.603989e-17 2.283973e-17 7.534266e-18 2.371560e-18 7.126212e-19 2.045087e-19 5.607879e-20 1.470062e-20 3.686409e-21 8.868691e-22 2.136131e-22
2.181939e-22 5.182611e-22 2.149149e-21 8.923091e-21 3.554178e-20 1.354179e-19 4.932255e-19 1.716451e-18 5.704646e-18 1.809844e-17 5.478755e-17 1.581882e-16 4.354650e-16 1.142527e-15 2.856112e-15 6.800709e-15 1.542031e-14 3.328868e-14 6.840441e-14 1.337797e-13 2.489793e-13 4.409255e-13 7.429687e-13 1.191144e-12 1.816942e-12 2.636957e-12 3.641313e-12 4.784289e-12 5.981293e-12 7.115487e-12 8.054871e-12 8.676943e-12 8.894784e-12 8.676943e-12 8.054871e-12 7.115487e-12 5.981293e-12 4.784289e-12 3.641313e-12 2.636957e-12 1.816942e-12 1.191144e-12 7.429687e-13 4.409255e-13 2.489793e-13 1.337797e-13 6.840441e-14 3.328868e-14 1.542031e-14 6.800709e-15 2.856112e-15 1.142527e-15 4.354650e-16 1.581882e-16 5.478755e-17 1.809844e-17 5.704646e-18 1.716451e-18 4.932255e-19 1.354179e-19 3.554178e-20 8.923091e-21 2.149149e-21 5.182611e-22
5.045565e-22 1.197304e-21 4.959209e-21 2.056694e-20 8.182548e-20 3.113887e-19 1.132743e-18 3.936939e-18 1.306713e-17 4.139999e-17 1.251506e-16 3.608304e-16 9.918537e-16 2.598460e-15 6.485925e-15 1.542031e-14 3.491184e-14 7.525221e-14 1.544032e-13 3.015250e-13 5.603681e-13 9.910009e-13 1.667651e-12 2.670283e-12 4.068466e-12 5.898386e-12 8.137252e-12 1.068270e-11 1.334629e-11 1.586844e-11 1.795632e-11 1.933847e-11 1.982239e-11 1.933847e-11 1.795632e-11 1.586844e-11 1.334629e-11 1.068270e-11 8.137252e-12 5.898386e-12 4.068466e-12 2.670283e-12 1.667651e-12 9.910009e-13 5.603681e-13 3.015250e-13 1.544032e-13 7.525221e-14 3.491184e-14 1.542031e-14 6.485925e-15 2.598460e-15 9.918537e-16 3.608304e-16 1.251506e-16 4.139999e-17 1.306713e-17 3.936939e-18 1.132743e-18 3.113887e-19 8.182548e-20 2.056694e-20 4.959209e-21 1.197304e-21
1.110619e-21 2.633017e-21 1.089329e-20 4.512645e-20 1.793292e-19 6.816299e-19 2.476523e-18 8.596402e-18 2.849494e-17 9.015723e-17 2.721637e-16 7.835789e-16 2.150784e-15 5.626314e-15 1.402266e-14 3.328868e-14 7.525221e-14 1.619611e-13 3.318171e-13 6.470343e-13 1.200757e-12 2.120579e-12 3.563779e-12 5.699292e-12 8.673420e-12 1.256124e-11 1.731274e-11 2.270971e-11 2.835257e-11 3.369220e-11 3.811020e-11 4.103386e-11 4.205732e-11 4.103386e-11 3.811020e-11 3.369220e-11 2.835257e-11 2.270971e-11 1.731274e-11 1.256124e-11 8.673420e-12 5.699292e-12 3.563779e-12 2.120579e-12 1.200757e-12 6.470343e-13 3.318171e-13 1.619611e-13 7.525221e-14 3.328868e-14 1.402266e-14 5.626314e-15 2.150784e-15 7.835789e-16 2.721637e-16 9.015723e-17 2.849494e-17 8.596402e-18 2.476523e-18 6.816299e-19 1.793292e-19 4.512645e-20 1.089329e-20 2.633017e-21
2.326349e-21 5.510187e-21 2.277081e-20 9.422688e-20 3.740289e-19 1.420022e-18 5.153035e-18 1.786462e-17 5.914027e-17 1.868692e-16 5.633429e-16 1.619631e-15 4.439233e-15 1.159582e-14 2.885797e-14 6.840441e-14 1.544032e-13 3.318171e-13 6.788025e-13 1.321718e-12 2.449338e-12 4.319672e-12 7.249972e-12 1.157997e-11 1.760255e-11 2.546594e-11 3.506578e-11 4.595932e-11 5.733986e-11 6.810169e-11 7.700147e-11 8.288897e-11 8.494963e-11 8.288897e-11 7.700147e-11 6.810169e-11 5.733986e-11 4.595932e-11 3.506578e-11 2.546594e-11 1.760255e-11 1.157997e-11 7.249972e-12 4.319672e-12 2.449338e-12 1.321718e-12 6.788025e-13 3.318171e-13 1.544032e-13 6.840441e-14 2.885797e-14 1.159582e-14 4.439233e-15 1.619631e-15 5.633429e-16 1.868692e-16 5.914027e-17 1.786462e-17 5.153035e-18 1.420022e-18 3.740289e-19 9.422688e-20 2.277081e-20 5.510187e-21
4.635725e-21 1.097040e-20 4.528504e-20 1.871920e-19 7.422334e-19 2.814722e-18 1.020212e-17 3.532563e-17 1.167968e-16 3.685697e-16 1.109617e-15 3.185810e-15 8.719702e-15 2.274438e-14 5.652078e-14 1.337797e-13 3.015250e-13 6.470343e-13 1.321718e-12 2.569868e-12 4.755671e-12 8.375781e-12 1.403937e-11 2.239684e-11 3.400635e-11 4.914642e-11 6.761005e-11 8.854207e-11 1.103922e-10 1.310408e-10 1.481082e-10 1.593950e-10 1.633447e-10 1.593950e-10 1.481082e-10 1.310408e-10 1.103922e-10 8.854207e-11 6.761005e-11 4.914642e-11 3.400635e-11 2.239684e-11 1.403937e-11 8.375781e-12 4.755671e-12 2.569868e-12 1.321718e-12 6.470343e-13 3.015250e-13 1.337797e-13 5.652078e-14 2.274438e-14 8.719702e-15 3.185810e-15 1.109617e-15 3.685697e-16 1.167968e-16 3.532563e-17 1.020212e-17 2.814722e-18 7.422334e-19 1.871920e-19 4.528504e-20 1.097040e-20
8.785809e-21 2.077368e-20 8.566079e-20 3.537258e-19 1.401065e-18 5.307310e-18 1.921466e-17 6.645348e-17 2.194456e-16 6.916189e-16 2.079484e-15 5.962426e-15 1.629716e-14 4.245025e-14 1.053418e-13 2.489793e-13 5.603681e-13 1.200757e-12 2.449338e-12 4.755671e-12 8.788569e-12 1.545810e-11 2.587783e-11 4.123316e-11 6.253677e-11 9.028680e-11 1.240931e-10 1.623833e-10 2.023214e-10 2.400389e-10 2.711993e-10 2.917991e-10 2.990067e-10 2.917991e-10 2.711993e-10 2.400389e-10 2.023214e-10 1.623833e-10 1.240931e-10 9.028680e-11 6.253677e-11 4.123316e-11 2.587783e-11 1.545810e-11 8.788569e-12 4.755671e-12 2.449338e-12 1.200757e-12 5.603681e-13 2.489793e-13 1.053418e-13 4.245025e-14 1.629716e-14 5.962426e-15 2.079484e-15 6.916189e-16 2.194456e-16 6.645348e-17 1.921466e-17 5.307310e-18 1.401065e-18 3.537258e-19 8.566079e-20 2.077368e-20
1.583312e-20 3.740600e-20 1.540870e-19 6.356553e-19 2.515192e-18 9.517614e-18 3.441991e-17 1.189052e-16 3.921924e-16 1.234559e-15 3.707300e-15 1.061616e-14 2.897914e-14 7.538269e-14 1.868103e-13 4.409255e-13 9.910009e-13 2.120579e-12 4.319672e-12 8.375781e-12 1.545810e-11 2.715420e-11 4.540204e-11 7.225866e-11 1.094735e-10 1.578951e-10 2.168241e-10 2.835093e-10 3.530107e-10 4.186065e-10 4.727726e-10 5.085695e-10 5.210924e-10 5.085695e-10 4.727726e-10 4.186065e-10 3.530107e-10 2.835093e-10 2.168241e-10 1.578951e-10 1.094735e-10 7.225866e-11 4.540204e-11 2.715420e-11 1.545810e-11 8.375781e-12 4.319672e-12 2.120579e-12 9.910009e-13 4.409255e-13 1.868103e-13 7.538269e-14 2.897914e-14 1.061616e-14 3.707300e-15 1.234559e-15 3.921924e-16 1.189052e-16 3.441991e-17 9.517614e-18 2.515192e-18 6.356553e-19 1.540870e-19 3.740600e-20
2.712574e-20 6.403517e-20 2.635257e-19 1.086105e-18 4.293406e-18 1.623018e-17 5.863441e-17 2.023367e-16 6.666339e-16 2.096035e-15 6.286771e-15 1.798069e-14 4.902083e-14 1.273537e-13 3.151932e-13 7.429687e-13 1.667651e-12 3.563779e-12 7.249972e-12 1.403937e-11 2.587783e-11 4.540204e-11 7.582329e-11 1.205408e-10 1.824329e-10 2.628759e-10 3.606793e-10 4.712597e-10 5.864250e-10 6.950527e-10 7.847113e-10 8.439459e-10 8.646647e-10 8.439459e-10 7.847113e-10 6.950527e-10 5.864250e-10 4.712597e-10 3.606793e-10 2.628759e-10 1.824329e-10 1.205408e-10 7.582329e-11 4.540204e-11 2.587783e-11 1.403937e-11 7.249972e-12 3.563779e-12 1.667651e-12 7.429687e-13 3.151932e-13 1.273537e-13 4.902083e-14 1.798069e-14 6.286771e-15 2.096035e-15 6.666339e-16 2.023367e-16 5.863441e-17 1.623018e-17 4.293406e-18 1.086105e-18 2.635257e-19 6.403517e-20
4.417205e-20 1.042001e-19 4.284293e-19 1.764197e-18 6.967617e-18 2.631463e-17 9.497345e-17 3.274041e-16 1.077559e-15 3.384396e-15 1.013968e-14 2.896702e-14 7.887990e-14 2.046797e-13 5.059511e-13 1.191144e-12 2.670283e-12 5.699292e-12 1.157997e-11 2.239684e-11 4.123316e-11 7.225866e-11 1.205408e-10 1.914293e-10 2.894354e-10 4.166864e-10 5.712560e-10 7.458754e-10 9.276071e-10 1.098924e-09 1.240263e-09 1.333614e-09 1.366261e-09 1.333614e-09 1.240263e-09 1.098924e-09 9.276071e-10 7.458754e-10 5.712560e-10 4.166864e-10 2.894354e-10 1.914293e-10 1.205408e-10 7.225866e-11 4.123316e-11 2.239684e-11 1.157997e-11 5.699292e-12 2.670283e-12 1.191144e-12 5.059511e-13 2.046797e-13 7.887990e-14 2.896702e-14 1.013968e-14 3.384396e-15 1.077559e-15 3.274041e-16 9.497345e-17 2.631463e-17 6.967617e-18 1.764197e-18 4.284293e-19 1.042001e-19
6.835875e-20 1.611474e-19 6.620196e-19 2.723875e-18 1.074883e-17 4.055990e-17 1.462546e-16 5.037143e-16 1.656225e-15 5.196646e-15 1.555308e-14 4.438467e-14 1.207316e-13 3.129281e-13 7.726538e-13 1.816942e-12 4.068466e-12 8.673420e-12 1.760255e-11 3.400635e-11 6.253677e-11 1.094735e-10 1.824329e-10 2.894354e-10 4.372178e-10 6.289151e-10 8.615650e-10 1.124192e-09 1.397336e-09 1.654689e-09 1.866923e-09 2.007059e-09 2.056060e-09 2.007059e-09 1.866923e-09 1.654689e-09 1.397336e-09 1.124192e-09 8.615650e-10 6.289151e-10 4.372178e-10 2.894354e-10 1.824329e-10 1.094735e-10 6.253677e-11 3.400635e-11 1.760255e-11 8.673420e-12 4.068466e-12 1.816942e-12 7.726538e-13 3.129281e-13 1.207316e-13 4.438467e-14 1.555308e-14 5.196646e-15 1.656225e-15 5.037143e-16 1.462546e-16 4.055990e-17 1.074883e-17 2.723875e-18 6.620196e-19 1.611474e-19
1.005219e-19 2.368239e-19 9.721729e-19 3.997059e-18 1.576105e-17 5.942620e-17 2.141086e-16 7.367813e-16 2.420415e-15 7.587465e-15 2.268717e-14 6.468079e-14 1.757644e-13 4.551058e-13 1.122542e-12 2.636957e-12 5.898386e-12 1.256124e-11 2.546594e-11 4.914642e-11 9.028680e-11 1.578951e-10 2.628759e-10 4.166864e-10 6.289151e-10 9.039687e-10 1.237518e-09 1.613780e-09 2.004876e-09 2.373180e-09 2.676799e-09 2.877225e-09 2.947299e-09 2.877225e-09 2.676799e-09 2.373180e-09 2.004876e-09 1.613780e-09 1.237518e-09 9.039687e-10 6.289151e-10 4.166864e-10 2.628759e-10 1.578951e-10 9.028680e-11 4.914642e-11 2.546594e-11 1.256124e-11 5.898386e-12 2.636957e-12 1.122542e-12 4.551058e-13 1.757644e-13 6.468079e-14 2.268717e-14 7.587465e-15 2.420415e-15 7.367813e-16 2.141086e-16 5.942620e-17 1.576105e-17 3.997059e-18 9.721729e-19 2.368239e-19
1.404417e-19 3.306938e-19 1.356598e-18 5.573968e-18 2.196424e-17 8.275687e-17 2.979497e-16 1.024514e-15 3.363006e-15 1.053370e-14 3.147021e-14 8.964350e-14 2.433821e-13 6.296162e-13 1.551546e-12 3.641313e-12 8.137252e-12 1.731274e-11 3.506578e-11 6.761005e-11 1.240931e-10 2.168241e-10 3.606793e-10 5.712560e-10 8.615650e-10 1.237518e-09 1.693099e-09 2.206698e-09 2.740257e-09 3.242502e-09 3.656397e-09 3.929557e-09 4.025051e-09 3.929557e-09 3.656397e-09 3.242502e-09 2.740257e-09 2.206698e-09 1.693099e-09 1.237518e-09 8.615650e-10 5.712560e-10 3.606793e-10 2.168241e-10 1.240931e-10 6.761005e-11 3.506578e-11 1.731274e-11 8.137252e-12 3.641313e-12 1.551546e-12 6.296162e-13 2.433821e-13 8.964350e-14 3.147021e-14 1.053370e-14 3.363006e-15 1.024514e-15 2.979497e-16 8.275687e-17 2.196424e-17 5.573968e-18 1.356598e-18 3.306938e-19
1.864046e-19 4.387162e-19 1.798687e-18 7.386245e-18 2.908855e-17 1.095333e-16 3.941037e-16 1.354255e-15 4.442363e-15 1.390468e-14 4.151102e-14 1.181563e-13 3.205473e-13 8.285853e-13 2.040223e-12 4.784289e-12 1.068270e-11 2.270971e-11 4.595932e-11 8.854207e-11 1.623833e-10 2.835093e-10 4.712597e-10 7.458754e-10 1.124192e-09 1.613780e-09 2.206698e-09 2.874756e-09 3.568452e-09 4.221184e-09 4.758938e-09 5.113771e-09 5.237804e-09 5.113771e-09 4.758938e-09 4.221184e-09 3.568452e-09 2.874756e-09 2.206698e-09 1.613780e-09 1.124192e-09 7.458754e-10 4.712597e-10 2.835093e-10 1.623833e-10 8.854207e-11 4.595932e-11 2.270971e-11 1.068270e-11 4.784289e-12 2.040223e-12 8.285853e-13 3.205473e-13 1.181563e-13 4.151102e-14 1.390468e-14 4.442363e-15 1.354255e-15 3.941037e-16 1.095333e-16 2.908855e-17 7.386245e-18 1.798687e-18 4.387162e-19
2.350211e-19 5.529233e-19 2.265823e-18 9.300146e-18 3.660808e-17 1.377784e-16 4.954692e-16 1.701643e-15 5.578730e-15 1.745126e-14 5.206730e-14 1.481107e-13 4.015525e-13 1.037293e-12 2.552411e-12 5.981293e-12 1.334629e-11 2.835257e-11 5.733986e-11 1.103922e-10 2.023214e-10 3.530107e-10 5.864250e-10 9.276071e-10 1.397336e-09 2.004876e-09 2.740257e-09 3.568452e-09 4.428092e-09 5.236708e-09 5.902723e-09 6.342115e-09 6.495694e-09 6.342115e-09 5.902723e-09 5.236708e-09 4.428092e-09 3.568452e-09 2.740257e-09 2.004876e-09 1.397336e-09 9.276071e-10 5.864250e-10 3.530107e-10 2.023214e-10 1.103922e-10 5.733986e-11 2.835257e-11 1.334629e-11 5.981293e-12 2.552411e-12 1.037293e-12 4.015525e-13 1.481107e-13 5.206730e-14 1.745126e-14 5.578730e-15 1.701643e-15 4.954692e-16 1.377784e-16 3.660808e-17 9.300146e-18 2.265823e-18 5.529233e-19
2.814612e-19 6.619778e-19 2.711678e-18 1.112604e-17 4.377852e-17 1.646992e-16 5.920337e-16 2.032406e-15 6.660121e-15 2.082435e-14 6.210135e-14 1.765661e-13 4.784564e-13 1.235309e-12 3.038043e-12 7.115487e-12 1.586844e-11 3.369220e-11 6.810169e-11 1.310408e-10 2.400389e-10 4.186065e-10 6.950527e-10 1.098924e-09 1.654689e-09 2.373180e-09 3.242502e-09 4.221184e-09 5.236708e-09 6.191713e-09 6.978146e-09 7.496914e-09 7.678224e-09 7.496914e-09 6.978146e-09 6.191713e-09 5.236708e-09 4.221184e-09 3.242502e-09 2.373180e-09 1.654689e-09 1.098924e-09 6.950527e-10 4.186065e-10 2.400389e-10 1.310408e-10 6.810169e-11 3.369220e-11 1.586844e-11 7.115487e-12 3.038043e-12 1.235309e-12 4.784564e-13 1.765661e-13 6.210135e-14 2.082435e-14 6.660121e-15 2.032406e-15 5.920337e-16 1.646992e-16 4.377852e-17 1.112604e-17 2.711678e-18 6.619778e-19
3.201625e-19 7.528337e-19 3.083001e-18 1.264619e-17 4.974618e-17 1.870961e-16 6.723401e-16 2.307370e-15 7.558715e-15 2.362606e-14 7.043198e-14 2.001799e-13 5.422453e-13 1.399476e-12 3.440465e-12 8.054871e-12 1.795632e-11 3.811020e-11 7.700147e-11 1.481082e-10 2.711993e-10 4.727726e-10 7.847113e-10 1.240263e-09 1.866923e-09 2.676799e-09 3.656397e-09 4.758938e-09 5.902723e-09 6.978146e-09 7.863616e-09 8.447659e-09 8.651773e-09 8.447659e-09 7.863616e-09 6.978146e-09 5.902723e-09 4.758938e-09 3.656397e-09 2.676799e-09 1.866923e-09 1.240263e-09 7.847113e-10 4.727726e-10 2.711993e-10 1.481082e-10 7.700147e-11 3.811020e-11 1.795632e-11 8.054871e-12 3.440465e-12 1.399476e-12 5.422453e-13 2.001799e-13 7.043198e-14 2.362606e-14 7.558715e-15 2.307370e-15 6.723401e-16 1.870961e-16 4.974618e-17 1.264619e-17 3.083001e-18 7.528337e-19
3.458975e-19 8.132386e-19 3.329814e-18 1.365638e-17 5.371094e-17 2.019724e-16 7.256669e-16 2.489908e-15 8.155092e-15 2.548496e-14 7.595759e-14 2.158379e-13 5.845293e-13 1.508262e-12 3.707043e-12 8.676943e-12 1.933847e-11 4.103386e-11 8.288897e-11 1.593950e-10 2.917991e-10 5.085695e-10 8.439459e-10 1.333614e-09 2.007059e-09 2.877225e-09 3.929557e-09 5.113771e-09 6.342115e-09 7.496914e-09 8.447659e-09 9.074719e-09 9.293861e-09 9.074719e-09 8.447659e-09 7.496914e-09 6.342115e-09 5.113771e-09 3.929557e-09 2.877225e-09 2.007059e-09 1.333614e-09 8.439459e-10 5.085695e-10 2.917991e-10 1.593950e-10 8.288897e-11 4.103386e-11 1.933847e-11 8.676943e-12 3.707043e-12 1.508262e-12 5.845293e-13 2.158379e-13 7.595759e-14 2.548496e-14 8.155092e-15 2.489908e-15 7.256669e-16 2.019724e-16 5.371094e-17 1.365638e-17 3.329814e-18 8.132386e-19
3.549284e-19 8.344337e-19 3.416407e-18 1.401075e-17 5.510163e-17 2.071898e-16 7.443671e-16 2.553911e-15 8.364168e-15 2.613655e-14 7.789416e-14 2.213247e-13 5.993440e-13 1.546370e-12 3.800411e-12 8.894784e-12 1.982239e-11 4.205732e-11 8.494963e-11 1.633447e-10 2.990067e-10 5.210924e-10 8.646647e-10 1.366261e-09 2.056060e-09 2.947299e-09 4.025051e-09 5.237804e-09 6.495694e-09 7.678224e-09 8.651773e-09 9.293861e-09 9.518252e-09 9.293861e-09 8.651773e-09 7.678224e-09 6.495694e-09 5.237804e-09 4.025051e-09 2.947299e-09 2.056060e-09 1.366261e-09 8.646647e-10 5.210924e-10 2.990067e-10 1.633447e-10 8.494963e-11 4.205732e-11 1.982239e-11 8.894784e-12 3.800411e-12 1.546370e-12 5.993440e-13 2.213247e-13 7.789416e-14 2.613655e-14 8.364168e-15 2.553911e-15 7.443671e-16 2.071898e-16 5.510163e-17 1.401075e-17 3.416407e-18 8.344337e-19
3.458975e-19 8.132386e-19 3.329814e-18 1.365638e-17 5.371094e-17 2.019724e-16 7.256669e-16 2.489908e-15 8.155092e-15 2.548496e-14 7.595759e-14 2.158379e-13 5.845293e-13 1.508262e-12 3.707043e-12 8.676943e-12 1.933847e-11 4.103386e-11 8.288897e-11 1.593950e-10 2.917991e-10 5.085695e-10 8.439459e-10 1.333614e-09 2.007059e-09 2.877225e-09 3.929557e-09 5.113771e-09 6.342115e-09 7.496914e-09 8.447659e-09 9.074719e-09 9.293861e-09 9.074719e-09 8.447659e-09 7.496914e-09 6.342115e-09 5.113771e-09 3.929557e-09 2.877225e-09 2.007059e-09 1.333614e-09 8.439459e-10 5.085695e-10 2.917991e-10 1.593950e-10 8.288897e-11 4.103386e-11 1.933847e-11 8.676943e-12 3.707043e-12 1.508262e-12 5.845293e-13 2.158379e-13 7.595759e-14 2.548496e-14 8.155092e-15 2.489908e-15 7.256669e-16 2.019724e-16 5.371094e-17 1.365638e-17 3.329814e-18 8.132386e-19
3.201625e-19 7.528337e-19 3.083001e-18 1.264619e-17 4.974618e-17 1.870961e-16 6.723401e-16 2.307370e-15 7.558715e-15 2.362606e-14 7.043198e-14 2.001799e-13 5.422453e-13 1.399476e-12 3.440465e-12 8.054871e-12 1.795632e-11 3.811020e-11 7.700147e-11 1.481082e-10 2.711993e-10 4.727726e-10 7.847113e-10 1.240263e-09 1.866923e-09 2.676799e-09 3.656397e-09 4.758938e-09 5.902723e-09 6.978146e-09 7.863616e-09 8.447659e-09 8.651773e-09 8.447659e-09 7.863616e-09 6.978146e-09 5.902723e-09 4.758938e-09 3.656397e-09 2.676799e-09 1.866923e-09 1.240263e-09 7.847113e-10 4.727726e-10 2.711993e-10 1.481082e-10 7.700147e-11 3.811020e-11 1.795632e-11 8.054871e-12 3.440465e-12 1.399476e-12 5.422453e-13 2.001799e-13 7.043198e-14 2.362606e-14 7.558715e-15 2.307370e-15 6.723401e-16 1.870961e-16 4.974618e-17 1.264619e-17 3.083001e-18 7.528337e-19
2.814612e-19 6.619778e-19 2.711678e-18 1.112604e-17 4.377852e-17 1.646992e-16 5.920337e-16 2.032406e-15 6.660121e-15 2.082435e-14 6.210135e-14 1.765661e-13 4.784564e-13 1.235309e-12 3.038043e-12 7.115487e-12 1.586844e-11 3.369220e-11 6.810169e-11 1.310408e-10 2.400389e-10 4.186065e-10 6.950527e-10 1.098924e-09 1.654689e-09 2.373180e-09 3.242502e-09 4.221184e-09 5.236708e-09 6.191713e-09 6.978146e-09 7.496914e-09 7.678224e-09 7.496914e-09 6.978146e-09 6.191713e-09 5.236708e-09 4.221184e-09 3.242502e-09 2.373180e-09 1.654689e-09 1.098924e-09 6.950527e-10 4.186065e-10 2.400389e-10 1.310408e-10 6.810169e-11 3.369220e-11 1.586844e-11 7.115487e-12 3.038043e-12 1.235309e-12 4.784564e-13 1.765661e-13 6.210135e-14 2.082435e-14 6.660121e-15 2.032406e-15 5.920337e-16 1.646992e-16 4.377852e-17 1.112604e-17 2.711678e-18 6.619778e-19
2.350211e-19 5.529233e-19 2.265823e-18 9.300146e-18 3.660808e-17 1.377784e-16 4.954692e-16 1.701643e-15 5.578730e-15 1.745126e-14 5.206730e-14 1.481107e-13 4.015525e-13 1.037293e-12 2.552411e-12 5.981293e-12 1.334629e-11 2.835257e-11 5.733986e-11 1.103922e-10 2.023214e-10 3.530107e-10 5.864250e-10 9.276071e-10 1.397336e-09 2.004876e-09 2.740257e-09 3.568452e-09 4.428092e-09 5.236708e-09 5.902723e-09 6.342115e-09 6.495694e-09 6.342115e-09 5.902723e-09 5.236708e-09 4.428092e-09 3.568452e-09 2.740257e-09 2.004876e-09 1.397336e-09 9.276071e-10 5.864250e-10 3.530107e-10 2.023214e-10 1.103922e-10 5.733986e-11 2.835257e-11 1.334629e-11 5.981293e-12 2.552411e-12 1.037293e-12 4.015525e-13 1.481107e-13 5.206730e-14 1.745126e-14 5.578730e-15 1.701643e-15 4.954692e-16 1.377784e-16 3.660808e-17 9.300146e-18 2.265823e-18 5.529233e-19
1.864046e-19 4.387162e-19 1.798687e-18 7.386245e-18 2.908855e-17 1.095333e-16 3.941037e-16 1.354255e-15 4.442363e-15 1.390468e-14 4.151102e-14 1.181563e-13 3.205473e-13 8.285853e-13 2.040223e-12 4.784289e-12 1.068270e-11 2.270971e-11 4.595932e-11 8.854207e-11 1.623833e-10 2.835093e-10 4.712597e-10 7.458754e-10 1.124192e-09 1.613780e-09 2.206698e-09 2.874756e-09 3.568452e-09 4.221184e-09 4.758938e-09 5.113771e-09 5.237804e-09 5.113771e-09 4.758938e-09 4.221184e-09 3.568452e-09 2.874756e-09 2.206698e-09 1.613780e-09 1.124192e-09 7.458754e-10 4.712597e-10 2.835093e-10 1.623833e-10 8.854207e-11 4.595932e-11 2.270971e-11 1.068270e-11 4.784289e-12 2.040223e-12 8.285853e-13 3.205473e-13 1.181563e-13 4.151102e-14 1.390468e-14 4.442363e-15 1.354255e-15 3.941037e-16 1.095333e-16 2.908855e-17 7.386245e-18 1.798687e-18 4.387162e-19
1.404417e-19 3.306938e-19 1.356598e-18 5.573968e-18 2.196424e-17 8.275687e-17 2.979497e-16 1.024514e-15 3.363006e-15 1.053370e-14 3.147021e-14 8.964350e-14 2.433821e-13 6.296162e-13 1.551546e-12 3.641313e-12 8.137252e-12 1.731274e-11 3.506578e-11 6.761005e-11 1.240931e-10 2.168241e-10 3.606793e-10 5.712560e-10 8.615650e-10 1.237518e-09 1.693099e-09 2.206698e-09 2.740257e-09 3.242502e-09 3.656397e-09 3.929557e-09 4.025051e-09 3.929557e-09 3.656397e-09 3.242502e-09 2.740257e-09 2.206698e-09 1.693099e-09 1.237518e-09 8.615650e-10 5.712560e-10 3.606793e-10 2.168241e-10 1.240931e-10 6.761005e-11 3.506578e-11 1.731274e-11 8.137252e-12 3.641313e-12 1.551546e-12 6.296162e-13 2.433821e-13 8.964350e-14 3.147021e-14 1.053370e-14 3.363006e-15 1.024514e-15 2.979497e-16 8.275687e-17 2.196424e-17 5.573968e-18 1.356598e-18 3.306938e-19
1.005219e-19 2.368239e-19 9.721729e-19 3.997059e-18 1.576105e-17 5.942620e-17 2.141086e-16 7.367813e-16 2.420415e-15 7.587465e-15 2.268717e-14 6.468079e-14 1.757644e-13 4.551058e-13 1.122542e-12 2.636957e-12 5.898386e-12 1.256124e-11 2.546594e-11 4.914642e-11 9.028680e-11 1.578951e-10 2.628759e-10 4.166864e-10 6.289151e-10 9.039687e-10 1.237518e-09 1.613780e-09 2.004876e-09 2.373180e-09 2.676799e-09 2.877225e-09 2.947299e-09 2.877225e-09 2.676799e-09 2.373180e-09 2.004876e-09 1.613780e-09 1.237518e-09 9.039687e-10 6.289151e-10 4.166864e-10 2.628759e-10 1.578951e-10 9.028680e-11 4.914642e-11 2.546594e-11 1.256124e-11 5.898386e-12 2.636957e-12 1.122542e-12 4.551058e-13 1.757644e-13 6.468079e-14 2.268717e-14 7.587465e-15 2.420415e-15 7.367813e-16 2.141086e-16 5.942620e-17 1.576105e-17 3.997059e-18 9.721729e-19 2.368239e-19
6.835875e-20 1.611474e-19 6.620196e-19 2.723875e-18 1.074883e-17 4.055990e-17 1.462546e-16 5.037143e-16 1.656225e-15 5.196646e-15 1.555308e-14 4.438467e-14 1.207316e-13 3.129281e-13 7.726538e-13 1.816942e-12 4.068466e-12 8.673420e-12 1.760255e-11 3.400635e-11 6.253677e-11 1.094735e-10 1.824329e-10 2.894354e-10 4.372178e-10 6.289151e-10 8.615650e-10 1.124192e-09 1.397336e-09 1.654689e-09 1.866923e-09 2.007059e-09 2.056060e-09 2.007059e-09 1.866923e-09 1.654689e-09 1.397336e-09 1.124192e-09 8.615650e-10 6.289151e-10 4.372178e-10 2.894354e-10 1.824329e-10 1.094735e-10 6.253677e-11 3.400635e-11 1.760255e-11 8.673420e-12 4.068466e-12 1.816942e-12 7.726538e-13 3.129281e-13 1.207316e-13 4.438467e-14 1.555308e-14 5.196646e-15 1.656225e-15 5.037143e-16 1.462546e-16 4.055990e-17 1.074883e-17 2.723875e-18 6.620196e-19 1.611474e-19
4.417205e-20 1.042001e-19 4.284293e-19 1.764197e-18 6.967617e-18 2.631463e-17 9.497345e-17 3.274041e-16 1.077559e-15 3.384396e-15 1.013968e-14 2.896702e-14 7.887990e-14 2.046797e-13 5.059511e-13 1.191144e-12 2.670283e-12 5.699292e-12 1.157997e-11 2.239684e-11 4.123316e-11 7.225866e-11 1.205408e-10 1.914293e-10 2.894354e-10 4.166864e-10 5.712560e-10 7.458754e-10 9.276071e-10 1.098924e-09 1.240263e-09 1.333614e-09 1.366261e-09 1.333614e-09 1.240263e-09 1.098924e-09 9.276071e-10 7.458754e-10 5.712560e-10 4.166864e-10 2.894354e-10 1.914293e-10 1.205408e-10 7.225866e-11 4.123316e-11 2.239684e-11 1.157997e-11 5.699292e-12 2.670283e-12 1.191144e-12 5.059511e-13 2.046797e-13 7.887990e-14 2.896702e-14 1.013968e-14 3.384396e-15 1.077559e-15 3.274041e-16 9.497345e-17 2.631463e-17 6.967617e-18 1.764197e-18 4.284293e-19 1.042001e-19
2.712574e-20 6.403517e-20 2.635257e-19 1.086105e-18 4.293406e-18 1.623018e-17 5.863441e-17 2.023367e-16 6.666339e-16 2.096035e-15 6.286771e-15 1.798069e-14 4.902083e-14 1.273537e-13 3.151932e-13 7.429687e-13 1.667651e-12 3.563779e-12 7.249972e-12 1.403937e-11 2.587783e-11 4.540204e-11 7.582329e-11 1.205408e-10 1.824329e-10 2.628759e-10 3.606793e-10 4.712597e-10 5.864250e-10 6.950527e-10 7.847113e-10 8.439459e-10 8.646647e-10 8.439459e-10 7.847113e-10 6.950527e-10 5.864250e-10 4.712597e-10 3.606793e-10 2.628759e-10 1.824329e-10 1.205408e-10 7.582329e-11 4.540204e-11 2.587783e-11 1.403937e-11 7.249972e-12 3.563779e-12 1.667651e-12 7.429687e-13 3.151932e-13 1.273537e-13 4.902083e-14 1.798069e-14 6.286771e-15 2.096035e-15 6.666339e-16 2.023367e-16 5.863441e-17 1.623018e-17 4.293406e-18 1.086105e-18 2.635257e-19 6.403517e-20
1.583312e-20 3.740600e-20 1.540870e-19 6.356553e-19 2.515192e-18 9.517614e-18 3.441991e-17 1.189052e-16 3.921924e-16 1.234559e-15 3.707300e-15 1.061616e-14 2.897914e-14 7.538269e-14 1.868103e-13 4.409255e-13 9.910009e-13 2.120579e-12 4.319672e-12 8.375781e-12 1.545810e-11 2.715420e-11 4.540204e-11 7.225866e-11 1.094735e-10 1.578951e-10 2.168241e-10 2.835093e-10 3.530107e-10 4.186065e-10 4.727726e-10 5.085695e-10 5.210924e-10 5.085695e-10 4.727726e-10 4.186065e-10 3.530107e-10 2.835093e-10 2.168241e-10 1.578951e-10 1.094735e-10 7.225866e-11 4.540204e-11 2.715420e-11 1.545810e-11 8.375781e-12 4.319672e-12 2.120579e-12 9.910009e-13 4.409255e-13 1.868103e-13 7.538269e-14 2.897914e-14 1.061616e-14 3.707300e-15 1.234559e-15 3.921924e-16 1.189052e-16 3.441991e-17 9.517614e-18 2.515192e-18 6.356553e-19 1.540870e-19 3.740600e-20
8.785809e-21 2.077368e-20 8.566079e-20 3.537258e-19 1.401065e-18 5.307310e-18 1.921466e-17 6.645348e-17 2.194456e-16 6.916189e-16 2.079484e-15 5.962426e-15 1.629716e-14 4.245025e-14 1.053418e-13 2.489793e-13 5.603681e-13 1.200757e-12 2.449338e-12 4.755671e-12 8.788569e-12 1.545810e-11 2.587783e-11 4.123316e-11 6.253677e-11 9.028680e-11 1.240931e-10 1.623833e-10 2.023214e-10 2.400389e-10 2.711993e-10 2.917991e-10 2.990067e-10 2.917991e-10 2.711993e-10 2.400389e-10 2.023214e-10 1.623833e-10 1.240931e-10 9.028680e-11 6.253677e-11 4.123316e-11 2.587783e-11 1.545810e-11 8.788569e-12 4.755671e-12 2.449338e-12 1.200757e-12 5.603681e-13 2.489793e-13 1.053418e-13 4.245025e-14 1.629716e-14 5.962426e-15 2.079484e-15 6.916189e-16 2.194456e-16 6.645348e-17 1.921466e-17 5.307310e-18 1.401065e-18 3.537258e-19 8.566079e-20 2.077368e-20
4.635725e-21 1.097040e-20 4.528504e-20 1.871920e-19 7.422334e-19 2.814722e-18 1.020212e-17 3.532563e-17 1.167968e-16 3.685697e-16 1.109617e-15 3.185810e-15 8.719702e-15 2.274438e-14 5.652078e-14 1.337797e-13 3.015250e-13 6.470343e-13 1.321718e-12 2.569868e-12 4.755671e-12 8.375781e-12 1.403937e-11 2.239684e-11 3.400635e-11 4.914642e-11 6.761005e-11 8.854207e-11 1.103922e-10 1.310408e-10 1.481082e-10 1.593950e-10 1.633447e-10 1.593950e-10 1.481082e-10 1.310408e-10 1.103922e-10 8.854207e-11 6.761005e-11 4.914642e-11 3.400635e-11 2.239684e-11 1.403937e-11 8.375781e-12 4.755671e-12 2.569868e-12 1.321718e-12 6.470343e-13 3.015250e-13 1.337797e-13 5.652078e-14 2.274438e-14 8.719702e-15 3.185810e-15 1.109617e-15 3.685697e-16 1.167968e-16 3.532563e-17 1.020212e-17 2.814722e-18 7.422334e-19 1.871920e-19 4.528504e-20 1.097040e-20
2.326349e-21 5.510187e-21 2.277081e-20 9.422688e-20 3.740289e-19 1.420022e-18 5.153035e-18 1.786462e-17 5.914027e-17 1.868692e-16 5.633429e-16 1.619631e-15 4.439233e-15 1.159582e-14 2.885797e-14 6.840441e-14 1.544032e-13 3.318171e-13 6.788025e-13 1.321718e-12 2.449338e-12 4.319672e-12 7.249972e-12 1.157997e-11 1.760255e-11 2.546594e-11 3.506578e-11 4.595932e-11 5.733986e-11 6.810169e-11 7.700147e-11 8.288897e-11 8.494963e-11 8.288897e-11 7.700147e-11 6.810169e-11 5.733986e-11 4.595932e-11 3.506578e-11 2.546594e-11 1.760255e-11 1.157997e-11 7.249972e-12 4.319672e-12 2.449338e-12 1.321718e-12 6.788025e-13 3.318171e-13 1.544032e-13 6.840441e-14 2.885797e-14 1.159582e-14 4.439233e-15 1.619631e-15 5.633429e-16 1.868692e-16 5.914027e-17 1.786462e-17 5.153035e-18 1.420022e-18 3.740289e-19 9.422688e-20 2.277081e-20 5.510187e-21
1.110619e-21 2.633017e-21 1.089329e-20 4.512645e-20 1.793292e-19 6.816299e-19 2.476523e-18 8.596402e-18 2.849494e-17 9.015723e-17 2.721637e-16 7.835789e-16 2.150784e-15 5.626314e-15 1.402266e-14 3.328868e-14 7.525221e-14 1.619611e-13 3.318171e-13 6.470343e-13 1.200757e-12 2.120579e-12 3.563779e-12 5.699292e-12 8.673420e-12 1.256124e-11 1.731274e-11 2.270971e-11 2.835257e-11 3.369220e-11 3.811020e-11 4.103386e-11 4.205732e-11 4.103386e-11 3.811020e-11 3.369220e-11 2.835257e-11 2.270971e-11 1.731274e-11 1.256124e-11 8.673420e-12 5.699292e-12 3.563779e-12 2.120579e-12 1.200757e-12 6.470343e-13 3.318171e-13 1.619611e-13 7.525221e-14 3.328868e-14 1.402266e-14 5.626314e-15 2.150784e-15 7.835789e-16 2.721637e-16 9.015723e-17 2.849494e-17 8.596402e-18 2.476523e-18 6.816299e-19 1.793292e-19 4.512645e-20 1.089329e-20 2.633017e-21
